scene.textures.texture-00000262D0A96DE0.type = "constfloat3"
scene.textures.texture-00000262D0A96DE0.value = 0.154917166 0.252929986 0.413777977
scene.textures.texture-00000262D0A97440.type = "constfloat3"
scene.textures.texture-00000262D0A97440.value = 0 0 0
scene.textures.texture-00000262D0A97380.type = "constfloat3"
scene.textures.texture-00000262D0A97380.value = 0.418896437 0.220220357 0.127049744
scene.textures.texture-00000262D0A97460.type = "constfloat3"
scene.textures.texture-00000262D0A97460.value = 0 0 0
scene.textures.texture-00000262D0A97180.type = "constfloat3"
scene.textures.texture-00000262D0A97180.value = 0.639999986 0.639999986 0.639999986
scene.materials.material-00000262D06CA360.type = "matte"
scene.materials.material-00000262D06CA360.kd = "texture-00000262D0A97440"
scene.materials.material-00000262D06CA360.id = 3364224
scene.materials.material-00000262D06CA360.emission.gain = 1 1 1
scene.materials.material-00000262D06CA360.emission.power = 100
scene.materials.material-00000262D06CA360.emission.efficency = 0
scene.materials.material-00000262D06CA360.emission.samples = -1
scene.materials.material-00000262D06CA360.emission.id = 0
scene.materials.material-00000262D06CA360.emission = "texture-00000262D0A96DE0"
scene.materials.material-00000262D06CA360.visibility.indirect.diffuse.enable = 1
scene.materials.material-00000262D06CA360.visibility.indirect.glossy.enable = 1
scene.materials.material-00000262D06CA360.visibility.indirect.specular.enable = 1
scene.materials.material-00000262D06CA360.shadowcatcher.enable = 0
scene.materials.material-00000262D06CA0E0.type = "matte"
scene.materials.material-00000262D06CA0E0.kd = "texture-00000262D0A97460"
scene.materials.material-00000262D06CA0E0.id = 6728256
scene.materials.material-00000262D06CA0E0.emission.gain = 1 1 1
scene.materials.material-00000262D06CA0E0.emission.power = 100
scene.materials.material-00000262D06CA0E0.emission.efficency = 0
scene.materials.material-00000262D06CA0E0.emission.samples = -1
scene.materials.material-00000262D06CA0E0.emission.id = 0
scene.materials.material-00000262D06CA0E0.emission = "texture-00000262D0A97380"
scene.materials.material-00000262D06CA0E0.visibility.indirect.diffuse.enable = 1
scene.materials.material-00000262D06CA0E0.visibility.indirect.glossy.enable = 1
scene.materials.material-00000262D06CA0E0.visibility.indirect.specular.enable = 1
scene.materials.material-00000262D06CA0E0.shadowcatcher.enable = 0
scene.materials.material-00000262D06C93C0.type = "matte"
scene.materials.material-00000262D06C93C0.kd = "texture-00000262D0A97180"
scene.materials.material-00000262D06C93C0.id = 10034367
scene.materials.material-00000262D06C93C0.emission.gain = 1 1 1
scene.materials.material-00000262D06C93C0.emission.power = 0
scene.materials.material-00000262D06C93C0.emission.efficency = 0
scene.materials.material-00000262D06C93C0.emission.samples = -1
scene.materials.material-00000262D06C93C0.emission.id = 0
scene.materials.material-00000262D06C93C0.visibility.indirect.diffuse.enable = 1
scene.materials.material-00000262D06C93C0.visibility.indirect.glossy.enable = 1
scene.materials.material-00000262D06C93C0.visibility.indirect.specular.enable = 1
scene.materials.material-00000262D06C93C0.shadowcatcher.enable = 0
